129
497
220
444
237
435
403
114
32
165
244
493
88
101
245
417
282
478
100
145
373
249
105
437
143
156
254
331
178
366
91
315
133
160
264
301
183
70
38
278
450
207
276
199
221
252
416
20
273
368
285
209
471
94
41
200
94
53
342
375
282
129
269
19
334
275
83
192
432
147
292
19
175
446
164
378
180
314
83
483
108
123
332
32
129
463
173
383
396
346
111
77
344
412
470
376
39
98
339
327
144
79
358
213
333
2
205
238
93
335
183
150
19
285
407
74
86
10
85
12
401
202
262
458
212
253
442
323
486
458
72
394
405
296
7
26
455
455
229
354
454
126
431
390
174
87
242
102
310
485
132
380
83
242
10
307
298
457
412
19
24
5
138
279
307
18
360
446
229
12
306
97
285
394
245
431
448
81
311
270
183
180
494
58
37
101
326
137
345
153
130
289
362
133
464
405
20
214
477
289
